74
2575357
77
4457
0775
147477
052794
58
723542
15228
74
5735
7777
547
7771
7747
5952734
1755
735457
3152285
777
5735
7777
547
7771
7747
5952734
1755
735457
3152285
777
5735
7777
547
7771
7747
5952734
1755
735457
3152285
777
5735
7777
547
7771
7747
5952734
1755
735457
3152285
777
5735
7777
547
7771
7747
5952734
1755
735457
3152285
777
5735
7777
547
7771
7747
5952734
1755
735457
3152285
777
5735
7777
547
7771
7747
5952734
1755
735457
3152285
777
5735
7777
547
7771
7747
5952734
1755
735457
3152285
777
5735
7777
547
7771
7747
5952734
1755
735457
3152285
777
5735
7777
547
7771
7747
5952734
1755
735457
3152285
777
5735
7777
547
7771
7747
5952734
1755
735457
3152285
777
5735
7777
547
7771
7747
5952734
1755
735457
3152285
777
5735
7777
547
7771
7747
5952734
1755
735457
3152285
777
573571
171773
745
777
7744
527942
2713
35473
152285
3357
5777
71775
77
354
77
35712
7135
458
247
17737
775
1110
1110
1110
2522
725722
130549
135823
372232
552727
12312
31343
8521533
393357
457236
12133222
737
1110
1110
2522
725722
130549
135823
372232
552727
12312
31343
8521533
393357
457236
12133222
737
5
1120
751622
325235
2332254
515313
753332
535323
2235137
32363
8225553
333551
752236
3113552
73237
2
11311024
25162
515335
153654
225523
173332
555323
1135137
33363
5222553
392551
755235
522552
45317
2
11311024
25162
515335
153654
225523
173332
555323
1135137
33363
5222553
392551
755235
522552
45317
2
11311024
25162
515335
153654
225523
173332
555323
1135137
33363
5222553
392551
755235
522552
45317
2
11311024
25162
515335
153654
225523
173332
555323
1135137
33363
5222553
392551
755235
522552
45317
2
11311024
25162
515335
153654
225523
173332
555323
1135137
33363
5222553
392551
755235
522552
45317
2
11311024
25162
515335
153654
225523
173332
555323
1135137
33363
5222553
392551
755235
522552
45317
2
11311024
25162
515335
153654
225523
173332
555323
1135137
33363
5222553
392551
755235
522552
45317
2
11311024
25162
515335
153654
225523
173332
555323
1135137
33363
5222553
392551
755235
522552
45317
2
11311024
25162
515335
153654
225523
173332
555323
1135137
33363
5222553
392551
755235
522552
45317
2
11311024
25162
515335
153654
225523
173332
555323
1135137
33363
5222553
392551
755235
522552
45317
2
11311024
25162
515335
153654
225523
173332
555323
1135137
33363
5222553
392551
755235
522552
45317
2
41311024
25762
515335
153654
525323
173332
555523
1135137
33363
5222553
392551
757235
522552
45317
2
11311024
25162
515335
153654
225523
173332
555323
1135137
33363
5222553
392551
755235
522552
45317
1232154
235311
173332
555723
1235157
2
11311024
25162
515335
153654
225523
173332
555323
1135137
33363
5222553
392551
755235
522552
45317
2
42241024
422762
72543355
23064
115121
177372
555523
123937
33363
812390
39311
751230
3324552
43127
2
42241024
422762
72543355
23064
115121
177372
555523
123937
33363
812390
39311
751230
3324552
43127
2
4244
422
725430
123064
715823
177372
583923
12392
93343
832360
38331
451230
8522552
8137
2
4244
422
725430
123064
715823
177372
583923
12392
93343
832360
38331
451230
8522552
8137
